53.6124120038282
53.3396735106599
53.9666122249704
51.714212575082
49.827019401198
47.4482241230059
45.1433259345723
45.1931479023409
42.9921312776749
41.6466398915347
40.4134697576591
39.3924450536924
41.3678952611386
41.1902136812289
42.3847261778702
41.8295667920389
41.3162170294921
42.4208864101868
42.5557994256064
42.2490114330481
44.3515998010184
46.2968076037587
46.3555459324148
47.2314337658047
49.5044722967067
50.3760493319198
49.6858619291935
50.0266075579194
49.4408368059894
51.6464152803948
52.0922463221546
50.8306862015902
47.6351287888292
50.5347515070318
49.6830961477383
43.7025407848082
36.1430237954004
44.3675746269793
49.5979206238071
50.2248669148303
50.5590515491826
51.4237135387318
52.6030519119481
51.8609130194631
52.0278129157454
55.130834882767
54.1995176099949
51.7456620880471
53.1934588415911
52.0634907622178
51.4915606633617
53.2936699920715
54.5886811516556
54.3109761560235
54.9493312737653
52.6559159671553
50.7343574587752
48.3122448898235
45.9653750588887
46.0161042727258
43.7750076638882
42.4050152027197
41.149389336846
40.1097720182143
42.1211946995432
41.9402775807328
43.1565418630815
42.5912731581531
42.0685754197088
43.1933605645448
43.3307303135765
43.0183557853475
45.159231782572
47.1398613522679
47.1996692917831
48.0915068322788
50.4059368489692
51.2933850926885
50.5906295431038
50.9375800679004
50.3411425712477
52.5868841000131
53.0408336179792
51.7563007905768
48.5025530447271
51.4549771962978
50.5878133974325
44.498353557545
36.8011795791416
45.1754975062774
50.501086847665
51.1394496800896
51.4797197363806
52.3601270131151
53.5609408548953
52.8052877913992
52.9752268947126
56.1347541465779
55.18647780992
52.6879381681991
54.1620989529437
53.0115544262014
52.4292096175914
54.2641349244092
