3.99222413036505
4.08396809119448
4.77279190705915
4.64105391673967
2.78606005450517
2.61824686269904
2.16125262120952
2.0848935297146
2.04711068814972
1.82220846717055
1.79412590553703
1.87584678826076
1.9046678357239
2.15211197023284
1.94554920273055
1.85663653570203
2.28004647975553
1.70608547318608
1.70582053124611
1.66163329849275
1.59642652781801
1.67061136198018
1.70227317277045
1.70553546492685
1.76660945421445
1.814431825758
1.82701796315278
1.88492224102491
1.91082025032348
2.12174869703902
1.91619265064826
2.16429820002408
2.16614893159444
2.24976602592852
2.35011314951713
2.30921885262553
2.95280701896791
2.68191081695084
2.66793518793591
2.69284362994783
2.83317445577276
2.84673092916201
2.67577993910659
2.65771166126215
2.45428751170752
2.67208948227307
2.77363545685149
4.3387016690784
4.48895044785354
3.18715859094902
3.2033595948381
3.51027152776968
4.74062622658449
5.05559516336597
5.67057459633006
4.33573744263339
3.166757623531
2.994267028581
2.5211642545175
2.41579312043423
2.43816164735995
2.10136696280667
2.13153847717577
2.15525839744964
2.11182448424456
2.65025984867734
2.31926286721985
2.12242826041592
2.63782877560306
1.92493630153031
1.92797100697811
1.84884542347409
1.76476421431662
1.82235465914101
1.8875275759009
1.85721196235009
1.94284243086532
2.03216934720602
2.07063167502168
2.1190560125985
2.15294126781859
2.51021267058118
2.13425126074044
2.38377888634924
2.42746193402423
2.49803752915788
2.64331148498662
2.53829939878554
3.18458952879653
2.99612137334597
2.9885395068933
2.93130966169753
3.21411986108004
3.18090075221966
2.9481500095489
3.03796973170465
2.7798995178678
3.02180767827124
3.0130941496746
4.67959544284959
4.92697775292463
3.5410229509967
3.51537679255354
3.82905435280349
