0.464282386423059
0.415356832400674
0.598329760905218
0.699886623345499
0.511811685189424
0.755639478069253
0.631754637576225
0.576732377192467
0.750573498760493
0.692302818409326
0.794281599513635
0.630223310905973
0.732746158949446
0.801889891392999
0.830055552513049
0.880248854051524
0.931840004814336
1.17390919804604
1.02237498470561
1.06935815723079
1.08669586954891
1.06847004585586
1.35116579409968
1.33645983466704
1.23789082254266
1.19760578644245
1.16329344348161
1.09978577114124
1.11531947976154
1.00814500944452
0.824388736922672
0.88957191343116
0.749179736839922
0.705640321142584
0.708722267426818
0.607166549596087
0.656319708561046
0.715212346922822
0.776634697770518
1.0138039086474
0.50767283374703
0.526133239485827
0.479676103871796
0.384101566949205
0.396572927914075
0.365274390883919
0.422906596402904
0.844143666509229
0.855134701078583
0.536550533361685
0.579347078830003
0.521398196372623
0.445029917538649
0.368598321695892
0.568673471403273
0.659596816597384
0.478133399113596
0.717850397362813
0.596521494199892
0.539910048215183
0.714739265557123
0.655854224455492
0.758214991943789
0.593919198584331
0.696589718140429
0.765641633997258
0.793864383214043
0.844022189523332
0.895635409883258
1.13769088107039
0.986165199580645
1.0331430673223
1.05048407795509
1.03225620349416
1.31495322682823
1.30024647459248
1.20167795540322
1.16139261281452
1.12708046041669
1.06357266959141
1.07910645188116
0.971931935759255
0.78817569171716
0.853358850518007
0.712966684936714
0.669427262393807
0.672509212934358
0.57095349245721
0.620106653067611
0.678999290406312
0.740421641890118
0.977590852371494
0.471459777717034
0.489920183302932
0.443463047783968
0.347888510802267
0.360359871803889
0.329061334750883
0.386693540284075
0.807930610381566
0.818921644956413
0.5003374772361
0.543134022706541
0.485185140247841
