1.80310440958638
1.68081426797232
1.50503438998646
1.88880626824531
1.90542601424131
1.81213098030684
1.81603068785514
1.96282379983706
2.20925882033265
1.66225282286608
1.61102969140759
1.49265783350371
1.5328970696217
1.47694088424307
1.45845808817658
1.3615775806635
1.30082976242152
1.29272870002288
1.4283105824624
1.35869823568789
1.44858802389395
1.34909751377244
1.35743848597963
1.60631893021773
1.4937460569617
1.5301210933495
1.61828961116652
1.86389588567487
1.65246140282938
1.65818675607598
1.54017005544164
1.68630484058206
1.62765482602451
1.58283563082668
1.55929174520297
1.49548450557748
1.50855410497346
1.57754395202872
1.48128813994777
1.36899760095656
1.79000481146695
2.01967218947963
1.75620051427581
1.62103759017414
1.76470217132794
1.72192277951274
1.46196666513646
1.50083007736842
2.46661815091118
2.69125080201359
2.51084938902661
2.40727978963063
2.38471321677637
2.25428142492875
2.10142884389006
2.4557940339343
2.51863521951088
2.45252172053079
2.52800246708586
2.74530652398854
2.68841240671689
2.28694054379054
2.23112261168133
2.02349676424746
2.09582032675819
2.05325758895698
2.00838812793103
1.90251217041315
1.87294868807564
1.89753120119622
2.03531198008711
1.94071219435001
1.96783353440496
1.9345097646149
1.97153631759615
2.22941224012937
2.0721618247667
2.14301952788909
2.26866920519834
2.62332066638674
2.35261597666606
2.34974565066942
2.19954512775203
2.3480787070999
2.2756356258496
2.23811276303272
2.1718903304684
2.11447987539608
2.15993319659242
2.22132686199081
2.11087818418253
2.03716825202756
2.4241925445993
2.64126625302294
2.43836413155684
2.07301691330012
2.30043939219684
2.21598095102747
1.99870338359178
2.04366373110097
3.03793748585702
3.30274993993396
3.1567312439202
3.02077792272386
