0.8685780214097
0.783395515993428
0.851416269020757
0.943446021620194
0.800815399727696
0.864103330523303
0.831230105049636
0.805640062134828
0.809131535582936
0.815658879020281
0.974420803667547
1.01607728853721
1.07318720939579
1.10927303736589
1.22127378734667
1.26593033073598
1.25086283666791
1.33775513007542
1.32936509666942
1.37405505185427
1.35085618472425
1.46443663139959
1.44027150946521
1.39441832469988
1.44079413012145
1.43752450255759
1.46298248073505
1.36971114068941
1.43729967180483
1.31006162524746
1.35608537849743
1.41795985835153
1.39082623971057
1.27528609046432
1.3247233448172
1.17591056451941
1.30271705683558
1.29404276048089
1.31791758803169
1.27093855642683
1.40029271076394
1.40062962854595
1.49548906338931
1.45651438411981
1.38642209487658
1.42981325151808
1.43896125472135
1.67595248493663
1.47422358017294
1.23773724991461
1.15339540330641
1.22999979533584
1.12395857133168
1.05670519167109
1.11709577645816
1.21682380294419
1.07905212581228
1.13307909869926
1.10495222734299
1.08319618759931
1.07922454122465
1.08921648117951
1.2512529562145
1.28699152035558
1.34663339315023
1.38550518760472
1.49282539626266
1.53931602974733
1.5266037097607
1.60980154138407
1.60272544295726
1.64939498898676
1.62328581925165
1.73779484366605
1.71528513965685
1.6671440045909
1.7141648928349
1.71227325326649
1.73593624207488
1.64310312139776
1.71183393904349
1.58319060425863
1.62950307803691
1.69232086180004
1.6640894153323
1.548731191123
1.59894470222127
1.44927618413259
1.57618939499669
1.56815181552943
1.59136113709592
1.54443681593446
1.67431164691849
1.67413223243677
1.76901126254949
1.73046115433432
1.6599692634783
1.70335707874145
1.71285035406499
1.94953312852173
1.74778661956327
1.51158035506859
1.42700106271073
1.50357967307945
