0.0369173504186019
0.0211740710794655
0.0478169291231122
0.172162945080275
0.125543819038238
0.0742133668152576
-0.0162190633520364
0.0394155496958801
0.125419394308773
0.11148920716466
0.132618790326067
0.108166265061855
0.284906550528253
0.214275203274819
0.112595343743996
0.031114974315927
-0.0666436403774514
-0.0539233230146295
-0.0806194617351008
-0.12217014979529
-0.132827888131244
-0.121948836070507
-0.280455496953464
-0.198666301652804
-0.184635404838486
-0.244842716517622
-0.24425260078104
-0.298620258517193
-0.17340151025462
-0.0546056941127243
0.0369836653333115
0.135134866876231
0.145974482196608
0.309674587885108
0.221629481769518
0.319960898324993
0.457482826285803
0.478705176531671
0.37793926331704
0.309785783675894
0.342991474273925
0.373130128881877
0.322668437012737
0.189454188597986
0.386915145401766
0.323690325801544
-0.022434406250979
-0.342229567393776
-0.243242518038221
0.187017170804986
0.351263582508465
0.245236537206447
0.245064096312832
0.231358519179451
0.258847009362863
0.383543956733745
0.337070464769865
0.285800449669044
0.19539310048404
0.251038121963895
0.337046286003124
0.32311789139068
0.344248218440171
0.319796001884303
0.4965364154625
0.425905121374566
0.324225283907052
0.242744923635103
0.144986312741449
0.157706631681131
0.131010493615045
0.0894598058264216
0.0788020676031653
0.0896811197106709
-0.0688255411528775
0.012963654155837
0.0269945509734978
-0.0332127607042509
-0.032622644967094
-0.0869903027030077
0.0382284455596643
0.157024261701601
0.248613621147654
0.346764822690581
0.35760443801096
0.521304543699462
0.433259437583873
0.531590854139348
0.669112782100158
0.690335132346026
0.589569219131395
0.521415739490249
0.55462143008828
0.584760084696232
0.534298392827091
0.401084144412341
0.598545101216121
0.535320281615899
0.189195549563376
-0.130599611579421
-0.031612562223866
0.398647126619341
0.56289353832282
0.456866493020802
